   1.0000000000000000e+00
   1.0101010101010102e+00
   1.0202020202020203e+00
   1.0303030303030303e+00
   1.0404040404040404e+00
   1.0505050505050504e+00
   1.0606060606060606e+00
   1.0707070707070707e+00
   1.0808080808080809e+00
   1.0909090909090908e+00
   1.1010101010101010e+00
   1.1111111111111112e+00
   1.1212121212121213e+00
   1.1313131313131313e+00
   1.1414141414141414e+00
   1.1515151515151514e+00
   1.1616161616161615e+00
   1.1717171717171717e+00
   1.1818181818181819e+00
   1.1919191919191920e+00
   1.2020202020202022e+00
   1.2121212121212119e+00
   1.2222222222222221e+00
   1.2323232323232323e+00
   1.2424242424242424e+00
   1.2525252525252526e+00
   1.2626262626262625e+00
   1.2727272727272727e+00
   1.2828282828282829e+00
   1.2929292929292928e+00
   1.3030303030303030e+00
   1.3131313131313131e+00
   1.3232323232323233e+00
   1.3333333333333333e+00
   1.3434343434343434e+00
   1.3535353535353536e+00
   1.3636363636363638e+00
   1.3737373737373737e+00
   1.3838383838383836e+00
   1.3939393939393938e+00
   1.4040404040404040e+00
   1.4141414141414141e+00
   1.4242424242424243e+00
   1.4343434343434345e+00
   1.4444444444444446e+00
   1.4545454545454546e+00
   1.4646464646464645e+00
   1.4747474747474747e+00
   1.4848484848484849e+00
   1.4949494949494948e+00
   1.5050505050505050e+00
   1.5151515151515151e+00
   1.5252525252525253e+00
   1.5353535353535355e+00
   1.5454545454545454e+00
   1.5555555555555556e+00
   1.5656565656565657e+00
   1.5757575757575757e+00
   1.5858585858585859e+00
   1.5959595959595960e+00
   1.6060606060606060e+00
   1.6161616161616161e+00
   1.6262626262626263e+00
   1.6363636363636362e+00
   1.6464646464646464e+00
   1.6565656565656566e+00
   1.6666666666666667e+00
   1.6767676767676769e+00
   1.6868686868686871e+00
   1.6969696969696970e+00
   1.7070707070707072e+00
   1.7171717171717171e+00
   1.7272727272727271e+00
   1.7373737373737372e+00
   1.7474747474747474e+00
   1.7575757575757576e+00
   1.7676767676767677e+00
   1.7777777777777779e+00
   1.7878787878787881e+00
   1.7979797979797980e+00
   1.8080808080808080e+00
   1.8181818181818181e+00
   1.8282828282828283e+00
   1.8383838383838382e+00
   1.8484848484848484e+00
   1.8585858585858586e+00
   1.8686868686868687e+00
   1.8787878787878787e+00
   1.8888888888888888e+00
   1.8989898989898990e+00
   1.9090909090909092e+00
   1.9191919191919193e+00
   1.9292929292929291e+00
   1.9393939393939397e+00
   1.9494949494949494e+00
   1.9595959595959598e+00
   1.9696969696969695e+00
   1.9797979797979797e+00
   1.9898989898989898e+00
   2.0000000000000000e+00
