   9.9154899216888814e-01   9.9195824801196442e-01   9.9241342152304712e-01   9.8700026416586328e-01
   9.9201357314839889e-01   9.9240209310466587e-01   9.9260081315882531e-01   9.8644520049647288e-01
   9.9245444727126919e-01   9.9280619141072002e-01   9.9274463668373703e-01   9.8582826067925466e-01
   9.9286750559154890e-01   9.9316969907373098e-01   9.9284715016012992e-01   9.8514580895206927e-01
   9.9324940976179732e-01   9.9349275719615104e-01   9.9291011402824481e-01   9.8439338302837875e-01
   9.9359791972516232e-01   9.9377628785498007e-01   9.9293477900811955e-01   9.8356561897939188e-01
   9.9391192637406633e-01   9.9402175136534732e-01   9.9292187682827981e-01   9.8265615806193685e-01
   9.9419130552856039e-01   9.9423091553182952e-01   9.9287160972995292e-01   9.8165753586316018e-01
   9.9443669027133041e-01   9.9440566144490405e-01   9.9278363525039071e-01   9.8056105410108052e-01
   9.9464922854283477e-01   9.9454783290939164e-01   9.9265704322434400e-01   9.7935663570617326e-01
   9.9483036416774706e-01   9.9465912672764545e-01   9.9249032218278499e-01   9.7803266455931981e-01
   9.9498165779917735e-01   9.9474101659400016e-01   9.9228131234539041e-01   9.7657581270006011e-01
   9.9510465050487329e-01   9.9479470216953958e-01   9.9202714218866417e-01   9.7497086027788749e-01
   9.9520076540160896e-01   9.9482107541392850e-01   9.9172414511842799e-01   9.7320051747679481e-01
   9.9527123978021104e-01   9.9482069744005708e-01   9.9136775206772687e-01   9.7124526377529929e-01
   9.9531707972546524e-01   9.9479378045775291e-01   9.9095235485078026e-01   9.6908322914090406e-01
   9.9533903002567958e-01   9.9474017050641028e-01   9.9047113378538931e-01   9.6669015533626690e-01
   9.9533755338860064e-01   9.9465932753594755e-01   9.8991584138719679e-01   9.6403949499085007e-01
   9.9531281420362594e-01   9.9455029995934252e-01   9.8927653175961705e-01   9.6110273325211537e-01
   9.9526466311701245e-01   9.9441169108245786e-01   9.8854122255895027e-01   9.5785005335718720e-01
   9.9519261945003823e-01   9.9424161484034212e-01   9.8769547300921801e-01   9.5425151412864750e-01
   9.9509584898570025e-01   9.9403763804734568e-01   9.8672185730202211e-01   9.5027896237930887e-01
   9.9497313489828443e-01   9.9379670590093072e-01   9.8559930784729999e-01   9.4590895901218541e-01
   9.9482283962405826e-01   9.9351504674519320e-01   9.8430229743200182e-01   9.4112703597115044e-01
   9.9464285528494034e-01   9.9318805105582864e-01   9.8279982398579091e-01   9.3593358598657883e-01
   9.9443053987955143e-01   9.9281011818108778e-01   9.8105415774289728e-01   9.3035155671901881e-01
   9.9418263583014110e-01   9.9237446245517702e-01   9.7901931108690521e-01   9.2443578656436964e-01
   9.9389516658007682e-01   9.9187286773921879e-01   9.7663920218285116e-01   9.1828318192899094e-01
   9.9356330571091456e-01   9.9129537602865891e-01   9.7384551598407709e-01   9.1204194341930556e-01
   9.9318121139358295e-01   9.9062989120872613e-01   9.7055534143020794e-01   9.0591681345311037e-01
   9.9274181676667317e-01   9.8986167295812111e-01   9.6666881949911598e-01   9.0016627316573827e-01
   9.9223656385134495e-01   9.8897268769619706e-01   9.6206733841932301e-01   8.9508759497144097e-01
   9.9165506459647867e-01   9.8794077271074776e-01   9.5661336482915749e-01   8.9098765984750083e-01
   9.9098466722643974e-01   9.8673855545168709e-01   9.5015395329113694e-01   8.8814190938287951e-01
   9.9020989872793730e-01   9.8533205167504156e-01   9.4253149394346525e-01   8.8674960293467175e-01
   9.8931174437468150e-01   9.8367884319328436e-01   9.3360736041407333e-01   8.8689775313296382e-01
   9.8826671174563085e-01   9.8172570895195288e-01   9.2330624274489947e-01   8.8854544720519124e-01
   9.8704560860436752e-01   9.7940555519641648e-01   9.1168898758596206e-01   8.9153384688719817e-01
   9.8561193995509089e-01   9.7663347116047516e-01   8.9905476013117780e-01   8.9561796871960908e-01
   9.8391979833956811e-01   9.7330174979860917e-01   8.8605169426921360e-01   9.0050937854068480e-01
   9.8191108260041993e-01   9.6927381308889782e-01   8.7373591506593729e-01   9.0591747526209321e-01
   9.7951183630243022e-01   9.6437728650372634e-01   8.6348288889972247e-01   9.1158060227317028e-01
   9.7662745752541946e-01   9.5839722149867124e-01   8.5668185381420325e-01   9.1728376044571613e-01
   9.7313652431401609e-01   9.5107214335036794e-01   8.5428319288789134e-01   9.2286424502461506e-01
   9.6888307276605379e-01   9.4209904213863560e-01   8.5644014169027138e-01   9.2820880407533057e-01
   9.6366751463248712e-01   9.3115982498438221e-01   8.6248387260824033e-01   9.3324618329886022e-01
   9.5723733169639269e-01   9.1799187916757841e-01   8.7123517473704137e-01   9.3793808669841205e-01
   9.4928094095042004e-01   9.0253621687747354e-01   8.8142625162295507e-01   9.4227045772910156e-01
   9.3943300550783226e-01   8.8519236102238485e-01   8.9200504362733191e-01   9.4624602626104326e-01
   9.2730898107177540e-01   8.6714904925353731e-01   9.0224998578647175e-01   9.4987841790675875e-01
   9.1260231029211558e-01   8.5059681014931610e-01   9.1174765823684201e-01   9.5318775854572357e-01
   8.9529433338189168e-01   8.3843537707398319e-01   9.2031348315929162e-01   9.5619754493848785e-01
   8.7601628748885652e-01   8.3322480926726572e-01   9.2790907795804300e-01   9.5893251051877382e-01
   8.5649192069522806e-01   8.3587766061588009e-01   9.3457810713273604e-01   9.6141723420189551e-01
   8.3971070984864327e-01   8.4519700145406196e-01   9.4040356968427141e-01   9.6367528263505409e-01
   8.2924071769612440e-01   8.5867800800581084e-01   9.4548218265298756e-01   9.6572872304881885e-01
   8.2756362430906294e-01   8.7375797962012780e-01   9.4991036599919276e-01   9.6759788577292338e-01
   8.3460149718369259e-01   8.8858522788067695e-01   9.5377738120730848e-01   9.6930128952825501e-01
   8.4789606583652966e-01   9.0214166147900010e-01   9.5716258138114041e-01   9.7085566869685946e-01
   8.6417756869866003e-01   9.1403195160083084e-01   9.6013487323744573e-01   9.7227606099867736e-01
   8.8078859103224338e-01   9.2422513723111832e-01   9.6275327406517608e-01   9.7357592778076396e-01
   8.9616479545764172e-01   9.3286431914926327e-01   9.6506793785412193e-01   9.7476728878534014e-01
   9.0964988364580046e-01   9.4015457725235119e-01   9.6712131682899827e-01   9.7586085991546678e-01
   9.2113691866330882e-01   9.4630623166226668e-01   9.6894929162581911e-01   9.7686618702283856e-01
   9.3078284272525191e-01   9.5151029352207528e-01   9.7058219561570724e-01   9.7779177174327159e-01
   9.3883880531582797e-01   9.5593052632661690e-01   9.7204570794442602e-01   9.7864518736706896e-01
   9.4556583344549749e-01   9.5970322783338746e-01   9.7336161459347825e-01   9.7943318398375401e-01
   9.5119961510641926e-01   9.6294012303050569e-01   9.7454844815642727e-01   9.8016178291537115e-01
   9.5593984097664397e-01   9.6573215235687071e-01   9.7562202130985565e-01   9.8083636090930115e-01
   9.5995044697140597e-01   9.6815317917303889e-01   9.7659586963060518e-01   9.8146172480989358e-01
   9.6336395113844664e-01   9.7026324707510569e-01   9.7748161837976277e-01   9.8204217754270495e-01
   9.6628677338068580e-01   9.7211129741499791e-01   9.7828928615837851e-01   9.8258157627546860e-01
   9.6880425672399528e-01   9.7373737567821461e-01   9.7902753646309337e-01   9.8308338359953784e-01
   9.7098495901816240e-01   9.7517439714614917e-01   9.7970388638308958e-01   9.8355071252630033e-01
   9.7288415177824428e-01   9.7644954975787934e-01   9.8032488008914953e-01   9.8398636602898448e-01
   9.7454660449834518e-01   9.7758540563305618e-01   9.8089623340179100e-01   9.8439287179052681e-01
   9.7600877354736815e-01   9.7860080176645081e-01   9.8142295458235496e-01   9.8477251274817634e-01
   9.7730051382240735e-01   9.7951153908346200e-01   9.8190944554605653e-01   9.8512735395845419e-01
   9.7844641558517687e-01   9.8033093895905998e-01   9.8235958692233827e-01   9.8545926624403590e-01
   9.7946684995936772e-01   9.8107028790381801e-01   9.8277680975735304e-01   9.8576994702736409e-01
   9.8037878899824826e-01   9.8173919437209634e-01   9.8316415614144881e-01   9.8606093870509315e-01
   9.8119645148611312e-01   9.8234587633270654e-01   9.8352433062936440e-01   9.8633364487247477e-01
   9.8193181384593886e-01   9.8289739410244126e-01   9.8385974398407128e-01   9.8658934466682369e-01
   9.8259501633863566e-01   9.8339983973802991e-01   9.8417255050234498e-01   9.8682920546462183e-01
   9.8319468768076579e-01   9.8385849180642237e-01   9.8446467995813691e-01   9.8705429413614054e-01
   9.8373820582387173e-01   9.8427794244202804e-01   9.8473786501947458e-01   9.8726558703519074e-01
   9.8423190854446230e-01   9.8466220212207500e-01   9.8499366484761741e-01   9.8746397887838966e-01
   9.8468126438151959e-01   9.8501478644646767e-01   9.8523348546677414e-01   9.8765029064850574e-01
   9.8509101208923000e-01   9.8533878831918231e-01   9.8545859739461061e-01   9.8782527663901565e-01
   9.8546527496438285e-01   9.8563693823458853e-01   9.8567015094263399e-01   9.8798963074207657e-01
   9.8580765502317724e-01   9.8591165482968934e-01   9.8586918952928260e-01   9.8814399206901760e-01
   9.8612131093737698e-01   9.8616508743664266e-01   9.8605666129344738e-01   9.8828894998127614e-01
   9.8640902281792919e-01   9.8639915203390693e-01   9.8623342925082624e-01   9.8842504859983493e-01
   9.8667324629655329e-01   9.8661556172787890e-01   9.8640028019770065e-01   9.8855279085278147e-01
   9.8691615785919939e-01   9.8681585268514205e-01   9.8655793253539836e-01   9.8867264211328554e-01
   9.8713969299656690e-01   9.8700140626633237e-01   9.8670704316245916e-01   9.8878503347374291e-01
   9.8734557843122595e-01   9.8717346797701189e-01   9.8684821355960339e-01   9.8889036469647762e-01
   9.8753535943949489e-01   9.8733316374177715e-01   9.8698199517423690e-01   9.8898900687637237e-01
   9.8771042309466128e-01   9.8748151391975769e-01   9.8710889419573555e-01   9.8908130484665890e-01
   9.8787201810548486e-01   9.8761944540790636e-01   9.8722937579971615e-01   9.8916757935540467e-01
