   3.5842001860593538e-19   2.3386698019687297e-19   7.2529097573136786e-20   2.2408400307318868e-20
   4.9381176716462507e-19   3.2146600681346831e-19   1.0193579389116519e-19   3.4468478468534578e-20
   6.7512323472381737e-19   4.3931743319000876e-19   1.4332508688586333e-19   5.3151554216307686e-20
   9.1678983472095683e-19   5.9759536561236952e-19   2.0164340759951882e-19   8.2179464034704483e-20
   1.2378025543762034e-18   8.0996405419113247e-19   2.8389956098227737e-19   1.2743025793096714e-19
   1.6632022867571938e-18   1.0947867789221667e-18   4.0003311211135104e-19   1.9824077353002841e-19
   2.2260555962543916e-18   1.4767520420128768e-18   5.6415324024425132e-19   3.0954181664986796e-19
   2.9700666195071084e-18   1.9890635535453562e-18   7.9630907966833142e-19   4.8539853246538056e-19
   3.9530322492785202e-18   2.6763922258178547e-18   1.1250244642533347e-18   7.6495941404652274e-19
   5.2514170451022855e-18   3.5988585890254380e-18   1.5909352021439817e-18   1.2126084315971278e-18
   6.9664161705828893e-18   4.8374095783522213e-18   2.2520217181695717e-18   1.9356044550283198e-18
   9.2319969225858282e-18   6.5010839626152054e-18   3.1911586450015070e-18   3.1153795195487964e-18
   1.2225572718093202e-17   8.7368388336838427e-18   4.5270431856832682e-18   5.0644496463436591e-18
   1.6182182088621232e-17   1.1742853666490886e-17   6.4300735284888187e-18   8.3329076234626419e-18
   2.1413338730883773e-17   1.5786563747894181e-17   9.1455170254776979e-18   1.3914504407121649e-17
   2.8332113401671378e-17   2.1229136628842216e-17   1.3027476240701110e-17   2.3661470677024106e-17
   3.7486540515105174e-17   2.8558743433324134e-17   1.8588953237006463e-17   4.1158803391682490e-17
   4.9604161189956183e-17   3.8435861683154459e-17   2.6576088369878988e-17   7.3667216663294008e-17
   6.5651488335267850e-17   5.1755077670110823e-17   3.8078994789512956e-17   1.3670274668364636e-16
   8.6913502337953822e-17   6.9729577013026910e-17   5.4698489271798056e-17   2.6547793733200695e-16
   1.1510008878658764e-16   9.4006926854698649e-17   7.8799049218956033e-17   5.4441147656535547e-16
   1.5248879480174427e-16   1.2682815845555571e-16   1.1389624887163448e-16   1.1756245419964160e-15
   2.0211666352745625e-16   1.7124698575525957e-16   1.6525648257979376e-16   2.5187838553615980e-15
   2.6803856718967299e-16   2.3143287519606065e-16   2.4083628718138856e-16   4.3488967566767340e-15
   3.5567590771647338e-16   3.1309154636818432e-16   3.5277288698959135e-16   4.8671675881587839e-15
   4.7228851643849240e-16   4.2405071698376817e-16   5.1978370638158157e-16   4.1300769810511398e-15
   6.2761510131370025e-16   5.7507958513631521e-16   7.7109041628322771e-16   3.3772379953156678e-15
   8.3474516145813650e-16   7.8104080347141419e-16   1.1529460889028584e-15   2.8932305239670456e-15
   1.1113100910039694e-15   1.0625183241140978e-15   1.7396889777740304e-15   2.6207239951584263e-15
   1.4811164065812752e-15   1.4481308287814552e-15   2.6528067246074672e-15   2.4900399430521890e-15
   1.9763943304724778e-15   1.9778399020784176e-15   4.0943825764730341e-15   2.4580576706798013e-15
   2.6409072685075792e-15   2.7077124844865256e-15   6.4065375212111435e-15   2.5010223994403262e-15
   3.5342723627205621e-15   3.7168265700308822e-15   1.0177325826906986e-14   2.6067639944558965e-15
   4.7379947748208712e-15   5.1173622589676355e-15   1.6425108977553518e-14   2.7701015531953398e-15
   6.3639420918842316e-15   7.0694685127595715e-15   2.6892480116723073e-14   2.9903755049231002e-15
   8.5663158453194617e-15   9.8033536926257507e-15   4.4389520597800225e-14   3.2701589717286712e-15
   1.1558668978070642e-14   1.3652398297380260e-14   7.2680347891354655e-14   3.6146151489927410e-15
   1.5638254492579620e-14   1.9103221512764299e-14   1.1423476798044668e-13   4.0312231529002009e-15
   2.1221099123181729e-14   2.6871998236279337e-14   1.6405781386694717e-13   4.5297291280203122e-15
   2.8892871471667891e-14   3.8021577368852432e-14   2.0620857234549461e-13   5.1222485946925598e-15
   3.9483150205032838e-14   5.4141938161454964e-14   2.2672467352489858e-13   5.8234823841550283e-15
   5.4174525799297980e-14   7.7627931604677554e-14   2.2753755699854742e-13   6.6510283829388498e-15
   7.4663689108664964e-14   1.1210224628662174e-13   2.1902545561914809e-13   7.6257827566248714e-15
   1.0340001320889260e-13   1.6304126284759698e-13   2.0904812057786746e-13   8.7724313844932470e-15
   1.4393876253650576e-13   2.3864144222684203e-13   2.0113065729386321e-13   1.0120036980640935e-14
   2.0146063018359417e-13   3.5083942578973970e-13   1.9632878585899515e-13   1.1702730895294766e-14
   2.8352292916766516e-13   5.1599114284489110e-13   1.9472292246446123e-13   1.3560521474941124e-14
   4.0110630313685183e-13   7.5372477841361290e-13   1.9611391014586318e-13   1.5740233442145579e-14
   5.6996413820431248e-13   1.0808902300542605e-12   2.0028388453216826e-13   1.8296595223759982e-14
   8.1207265966060169e-13   1.4973201096566969e-12   2.0707787513245214e-13   2.1293493617162309e-14
   1.1564228780349894e-12   1.9673776678263996e-12   2.1642078250952543e-13   2.4805417697364724e-14
   1.6372291321345436e-12   2.4177421046363721e-12   2.2831413665841848e-13   2.8919116460851303e-14
   2.2859456769347285e-12   2.7711353378248937e-12   2.4282850510900813e-13   3.3735497379481513e-14
   3.1131353821663563e-12   2.9921027050256688e-12   2.6009670731658557e-13   3.9371795785287516e-14
   4.0824737900224411e-12   3.0969322948404972e-12   2.8030917399142921e-13   4.5964047792290485e-14
   5.0955997244756184e-12   3.1272930584717813e-12   3.0371152728585329e-13   5.3669902234178470e-14
   6.0165054727452183e-12   3.1232569887364000e-12   3.3060411077796908e-13   6.2671809786978010e-14
   6.7341204380376058e-12   3.1126950889886507e-12   3.6134316111396827e-13   7.3180629962557074e-14
   7.2122320801329613e-12   3.1118688597395225e-12   3.9634336707461300e-13   8.5439698887304616e-14
   7.4858818160950031e-12   3.1292486347693773e-12   4.3608163114351305e-13   9.9729402580724589e-14
   7.6227134150013884e-12   3.1688891886050856e-12   4.8110191009683780e-13   1.1637230165401125e-13
   7.6886518396895154e-12   3.2326247285250434e-12   5.3202105980289491e-13   1.3573885376425502e-13
   7.7331532099807886e-12   3.3213211105649762e-12   5.8953564628388508e-13   1.5825377956377911e-13
   7.7883802529584003e-12   3.4355417673876413e-12   6.5442971252301253e-13   1.8440311602897007e-13
   7.8735420164055284e-12   3.5758859291020655e-12   7.2758351079655696e-13   2.1474199767080300e-13
   7.9995722044529476e-12   3.7431539744248814e-12   8.0998322531042769e-13   2.4990320093843353e-13
   8.1726298609205261e-12   3.9384253390270044e-12   9.0273172097757297e-13   2.9060647984341133e-13
   8.3963642193966192e-12   4.1630942093646646e-12   1.0070603622417990e-12   3.3766871118287303e-13
   8.6732753863251355e-12   4.4188863669385582e-12   1.1243419515880415e-12   3.9201485548457888e-13
   9.0054981798429742e-12   4.7078690172503751e-12   1.2561048412124290e-12   4.5468972474944687e-13
   9.3952423751752625e-12   5.0324594597818064e-12   1.4040482735355796e-12   5.2687053012696990e-13
   9.8450364752153547e-12   5.3954353954224330e-12   1.5700590069977318e-12   6.0988016184115561e-13
   1.0357862525705869e-11   5.7999481244473782e-12   1.7562292829693677e-12   7.0520113015724393e-13
   1.0937232442381883e-11   6.2495391275446507e-12   1.9648761876885009e-12   8.1449007029801918e-13
   1.1587234424287185e-11   6.7481601627472615e-12   2.1985624599098686e-12   9.3959268656139696e-13
   1.2312565425606271e-11   7.3001968543358729e-12   2.4601187904160382e-12   1.0825589822847836e-12
   1.3118558507388434e-11   7.9104956932817782e-12   2.7526676536875870e-12   1.2456585938403274e-12
   1.4011209868265179e-11   8.5843943597124183e-12   3.0796487048505311e-12   1.4313960198884688e-12
   1.4997208107158409e-11   9.3277552892110574e-12   3.4448457665223868e-12   1.6425255132716752e-12
   1.6083967027480213e-11   1.0147002422956794e-11   3.8524154203866611e-12   1.8820653840004145e-12
   1.7279662612650454e-11   1.1049161100232092e-11   4.3069172072901221e-12   2.1533114496964371e-12
   1.8593274438783107e-11   1.2041901067696904e-11   4.8133454274592206e-12   2.4598493665529361e-12
   2.0034631601915559e-11   1.3133582591911860e-11   5.3771625191889733e-12   2.8055655811613683e-12
   2.1614463144981107e-11   1.4333305669625593e-11   6.0043339802254611e-12   3.1946566629670308e-12
   2.3344452929157728e-11   1.5650962334479035e-11   6.7013647812413382e-12   3.6316368097117368e-12
   2.5237298880138757e-11   1.7097292059339797e-11   7.4753372055363097e-12   4.1213433644285181e-12
   2.7306776538242451e-11   1.8683940250851633e-11   8.3339500336640336e-12   4.6689402420020470e-12
   2.9567806844397997e-11   2.0423519827331232e-11   9.2855589764261326e-12   5.2799192347280248e-12
   3.2036528097790325e-11   2.2329675863246242e-11   1.0339218244942856e-11   5.9600992474664787e-12
   3.4730372023224240e-11   2.4417153273484761e-11   1.1504723132707206e-11   6.7156236007267485e-12
   3.7668143886120790e-11   2.6701867498818858e-11   1.2792653472074018e-11   7.5529556303775658e-12
   4.0870106590164752e-11   2.9200978140666156e-11   1.4214417816957704e-11   8.4788729010680532e-12
   4.4358068687012814e-11   3.1932965478783789e-11   1.5782298195045322e-11   9.5004604319956970e-12
   4.8155476219361317e-11   3.4917709790187373e-11   1.7509495266991819e-11   1.0625103403527680e-11
   5.2287508308354505e-11   3.8176573371682218e-11   1.9410173727239285e-11   1.1860479866967848e-11
   5.6781176384175140e-11   4.1732485152266490e-11   2.1499507781639282e-11   1.3214554013876041e-11
   6.1665426945037282e-11   4.5610027765607059e-11   2.3793726541226619e-11   1.4695570573317196e-11
   6.6971247715139663e-11   4.9835526937183312e-11   2.6310159179514183e-11   1.6312050894180378e-11
   7.2731777056753445e-11   5.4437143025843391e-11   2.9067279712644105e-11   1.8072791235651702e-11
   7.8982416475990919e-11   5.9444964545806752e-11   3.2084751277670990e-11   1.9986863733960006e-11
