   9.9154899216888814e-01   9.9296095394208628e-01   9.9597716526017011e-01   9.9753794339812762e-01
   9.9201357314839889e-01   9.9337944335711514e-01   9.9615491071815432e-01   9.9744200070811173e-01
   9.9245444727126919e-01   9.9376242878977705e-01   9.9629509240268221e-01   9.9731490388207167e-01
   9.9286750559154890e-01   9.9410764323002365e-01   9.9640140665904231e-01   9.9715260368116920e-01
   9.9324940976179732e-01   9.9441443444435729e-01   9.9647684753098431e-01   9.9694945304201610e-01
   9.9359791972516232e-01   9.9468336669441459e-01   9.9652371878768431e-01   9.9669777439614093e-01
   9.9391192637406633e-01   9.9491581503510029e-01   9.9654366470126765e-01   9.9638721993189372e-01
   9.9419130552856039e-01   9.9511361408523025e-01   9.9653770218816373e-01   9.9600382929631692e-01
   9.9443669027133041e-01   9.9527878347438403e-01   9.9650624421085077e-01   9.9552863060618302e-01
   9.9464922854283477e-01   9.9541332882313016e-01   9.9644910838587897e-01   9.9493553200535445e-01
   9.9483036416774706e-01   9.9551910621820339e-01   9.9636550667025936e-01   9.9418807974177636e-01
   9.9498165779917735e-01   9.9559773497705528e-01   9.9625401252092460e-01   9.9323435164654228e-01
   9.9510465050487329e-01   9.9565054431760980e-01   9.9611250145033858e-01   9.9199868509899880e-01
   9.9520076540160896e-01   9.9567854195724714e-01   9.9593805961457227e-01   9.9036784134934286e-01
   9.9527123978021104e-01   9.9568239534606029e-01   9.9572685296489571e-01   9.8816700821390857e-01
   9.9531707972546524e-01   9.9566241858764448e-01   9.9547394640564790e-01   9.8511643678892069e-01
   9.9533903002567958e-01   9.9561855991231785e-01   9.9517305798573319e-01   9.8074941744238087e-01
   9.9533755338860064e-01   9.9555038582921462e-01   9.9481622683377713e-01   9.7424924046752770e-01
   9.9531281420362594e-01   9.9545705885968572e-01   9.9439336441623316e-01   9.6410867686711366e-01
   9.9526466311701245e-01   9.9533730611995697e-01   9.9389164532584606e-01   9.4739294997959334e-01
   9.9519261945003823e-01   9.9518937603789748e-01   9.9329467394606208e-01   9.1819124211390524e-01
   9.9509584898570025e-01   9.9501098019192968e-01   9.9258133341151489e-01   8.6541378912663403e-01
   9.9497313489828443e-01   9.9479921665359772e-01   9.9172417754613085e-01   7.7933423693840509e-01
   9.9482283962405826e-01   9.9455047026960686e-01   9.9068715556058695e-01   7.0715352217186978e-01
   9.9464285528494034e-01   9.9426028396640043e-01   9.8942234788401984e-01   7.4700477626729700e-01
   9.9443053987955143e-01   9.9392319328667356e-01   9.8786521426803242e-01   8.3358878642915912e-01
   9.9418263583014110e-01   9.9353251379885787e-01   9.8592757053706315e-01   8.9408820897927122e-01
   9.9389516658007682e-01   9.9308006750266187e-01   9.8348705059386343e-01   9.2909913462767513e-01
   9.9356330571091456e-01   9.9255582951828425e-01   9.8037107175833482e-01   9.4961950018730901e-01
   9.9318121139358295e-01   9.9194746966530900e-01   9.7633216597212169e-01   9.6230641097756253e-01
   9.9274181676667317e-01   9.9123975425264654e-01   9.7100986632195452e-01   9.7059086651916926e-01
   9.9223656385134495e-01   9.9041376043203666e-01   9.6387244737214806e-01   9.7626394242572490e-01
   9.9165506459647867e-01   9.8944583728117086e-01   9.5413183916991851e-01   9.8030620426802839e-01
   9.9098466722643974e-01   9.8830622223229903e-01   9.4063599428660349e-01   9.8328289482191633e-01
   9.9020989872793730e-01   9.8695718562732326e-01   9.2179678101834628e-01   9.8553575124148718e-01
   9.8931174437468150e-01   9.8535052629768005e-01   8.9580129189804547e-01   9.8728026539866487e-01
   9.8826671174563085e-01   9.8342417285317330e-01   8.6184553121256435e-01   9.8865739881525805e-01
   9.8704560860436752e-01   9.8109755548560651e-01   8.2361572598328880e-01   9.8976234946465491e-01
   9.8561193995509089e-01   9.7826530373305853e-01   7.9360928977225298e-01   9.9066122364838438e-01
   9.8391979833956811e-01   9.7478871691149405e-01   7.8800725201907129e-01   9.9140105972690851e-01
   9.8191108260041993e-01   9.7048441547112330e-01   8.0897258218098889e-01   9.9201605531580672e-01
   9.7951183630243022e-01   9.6510980987760708e-01   8.4243230723587970e-01   9.9253155049484021e-01
   9.7662745752541946e-01   9.5834602249585021e-01   8.7499306432871649e-01   9.9296664301765503e-01
   9.7313652431401609e-01   9.4978187151516791e-01   9.0139613083982506e-01   9.9333594602360575e-01
   9.6888307276605379e-01   9.3891012216546044e-01   9.2138741772443877e-01   9.9365079459718142e-01
   9.6366751463248712e-01   9.2516444056000502e-01   9.3624743327846605e-01   9.9392008995192194e-01
   9.5723733169639269e-01   9.0805865914810890e-01   9.4733270384997192e-01   9.9415090040495524e-01
   9.4928094095042004e-01   8.8753415897906440e-01   9.5570750712139751e-01   9.9434889603579979e-01
   9.3943300550783226e-01   8.6461294680015266e-01   9.6213562010773979e-01   9.9451866765117258e-01
   9.2730898107177540e-01   8.4219342409241171e-01   9.6715075427533681e-01   9.9466396400005985e-01
   9.1260231029211558e-01   8.2512827948737399e-01   9.7112511582834604e-01   9.9478787038815086e-01
   8.9529433338189168e-01   8.1834405850062575e-01   9.7432053634998295e-01   9.9489294472649226e-01
   8.7601628748885652e-01   8.2361081976177675e-01   9.7692365465249420e-01   9.9498132228269220e-01
   8.5649192069522806e-01   8.3829889896907805e-01   9.7906950949355331e-01   9.9505479715955125e-01
   8.3971070984864327e-01   8.5759685307634925e-01   9.8085730230526347e-01   9.9511488628790856e-01
   8.2924071769612440e-01   8.7739198168377042e-01   9.8236099512779196e-01   9.9516288015455057e-01
   8.2756362430906294e-01   8.9538021643381893e-01   9.8363651472952918e-01   9.9519988337762932e-01
   8.3460149718369259e-01   9.1073634008118287e-01   9.8472671415458224e-01   9.9522684744741519e-01
   8.4789606583652966e-01   9.2344899923375290e-01   9.8566483732599275e-01   9.9524459737474436e-01
   8.6417756869866003e-01   9.3383866187621001e-01   9.8647697208166596e-01   9.9525385356815921e-01
   8.8078859103224338e-01   9.4230567162991419e-01   9.8718381059898497e-01   9.9525524994892500e-01
   8.9616479545764172e-01   9.4922441367275801e-01   9.8780192924255761e-01   9.9524934908046303e-01
   9.0964988364580046e-01   9.5490995064880080e-01   9.8834473056488803e-01   9.9523665491297764e-01
   9.2113691866330882e-01   9.5961527633387311e-01   9.8882314477310562e-01   9.9521762361034061e-01
   9.3078284272525191e-01   9.6353929711120034e-01   9.8924615785522740e-01   9.9519267282339374e-01
   9.3883880531582797e-01   9.6683713897276358e-01   9.8962121333818753e-01   9.9516218969370018e-01
   9.4556583344549749e-01   9.6962966682390339e-01   9.8995452090636105e-01   9.9512653780893712e-01
   9.5119961510641926e-01   9.7201133573148790e-01   9.9025129565625303e-01   9.9508606328116223e-01
   9.5593984097664397e-01   9.7405635056734341e-01   9.9051594518441144e-01   9.9504110007895374e-01
   9.5995044697140597e-01   9.7582338622832498e-01   9.9075221707653249e-01   9.9499197471184386e-01
   9.6336395113844664e-01   9.7735916781978960e-01   9.9096331607286114e-01   9.9493901033870313e-01
   9.6628677338068580e-01   9.7870117795590417e-01   9.9115199781869723e-01   9.9488253034976804e-01
   9.6880425672399528e-01   9.7987970639400168e-01   9.9132064439184864e-01   9.9482286145380039e-01
   9.7098495901816240e-01   9.8091940744476136e-01   9.9147132554107986e-01   9.9476033628694782e-01
   9.7288415177824428e-01   9.8184048944712832e-01   9.9160584864038581e-01   9.9469529554808889e-01
   9.7454660449834518e-01   9.8265962867595058e-01   9.9172579967125951e-01   9.9462808965612159e-01
   9.7600877354736815e-01   9.8339067605439479e-01   9.9183257702491745e-01   9.9455907991828063e-01
   9.7730051382240735e-01   9.8404520728396749e-01   9.9192741952270025e-01   9.9448863919467245e-01
   9.7844641558517687e-01   9.8463295395443406e-01   9.9201142975253043e-01   9.9441715204321002e-01
   9.7946684995936772e-01   9.8516214362441490e-01   9.9208559358884507e-01   9.9434501433077371e-01
   9.8037878899824826e-01   9.8563976983669210e-01   9.9215079658533289e-01   9.9427263230096385e-01
   9.8119645148611312e-01   9.8607180785791304e-01   9.9220783779118993e-01   9.9420042109613438e-01
   9.8193181384593886e-01   9.8646338810584833e-01   9.9225744143347239e-01   9.9412880274115611e-01
   9.8259501633863566e-01   9.8681893638388873e-01   9.9230026682271311e-01   9.9405820360869890e-01
   9.8319468768076579e-01   9.8714228791728542e-01   9.9233691677182911e-01   9.9398905139981830e-01
   9.8373820582387173e-01   9.8743678058869333e-01   9.9236794476475976e-01   9.9392177168910467e-01
   9.8423190854446230e-01   9.8770533156313567e-01   9.9239386106861061e-01   9.9385678409957767e-01
   9.8468126438151959e-01   9.8795050057446954e-01   9.9241513794899161e-01   9.9379449818826104e-01
   9.8509101208923000e-01   9.8817454244304637e-01   9.9243221412063021e-01   9.9373530913763564e-01
   9.8546527496438285e-01   9.8837945085402756e-01   9.9244549854332542e-01   9.9367959336048395e-01
   9.8580765502317724e-01   9.8856699500773537e-01   9.9245537365530834e-01   9.9362770413450663e-01
   9.8612131093737698e-01   9.8873875042817094e-01   9.9246219812156800e-01   9.9357996738810450e-01
   9.8640902281792919e-01   9.8889612496150225e-01   9.9246630916292222e-01   9.9353667775892651e-01
   9.8667324629655329e-01   9.8904038079617251e-01   9.9246802452198501e-01   9.9349809504216247e-01
   9.8691615785919939e-01   9.8917265317837177e-01   9.9246764411431621e-01   9.9346444113570664e-01
   9.8713969299656690e-01   9.8929396637096145e-01   9.9246545140670073e-01   9.9343589757455153e-01
   9.8734557843122595e-01   9.8940524730382784e-01   9.9246171455915455e-01   9.9341260372812423e-01
   9.8753535943949489e-01   9.8950733728343265e-01   9.9245668736295711e-01   9.9339465571191976e-01
   9.8771042309466128e-01   9.8960100206458967e-01   9.9245061000343959e-01   9.9338210604057808e-01
   9.8787201810548486e-01   9.8968694053538830e-01   9.9244370967322737e-01   9.9337496402421499e-01
