   3.5842001860593538e-19   2.6718112617263695e-19   1.3678108254197849e-19   1.1831705422170433e-19
   4.9381176716462507e-19   3.6892196857911833e-19   1.9615720975987020e-19   1.8264794533529442e-19
   6.7512323472381737e-19   5.0666604320651181e-19   2.8067517215416532e-19   2.8052998394225634e-19
   9.1678983472095683e-19   6.9272047478080681e-19   4.0080244670682507e-19   4.2871076671525170e-19
   1.2378025543762034e-18   9.4361666880589972e-19   5.7131093033783530e-19   6.5193398217298397e-19
   1.6632022867571938e-18   1.2815700050304535e-18   8.1303041052102714e-19   9.8659655542777999e-19
   2.2260555962543916e-18   1.7364417187482174e-18   1.1553121375803358e-18   1.4860147144276132e-18
   2.9700666195071084e-18   2.3483768685303781e-18   1.6394897850934128e-18   2.2279841963749316e-18
   3.9530322492785202e-18   3.1713530053557321e-18   2.3237419488502494e-18   3.3256041616875672e-18
   5.2514170451022855e-18   4.2779561922363498e-18   3.2899253741659428e-18   4.9427338914340975e-18
   6.9664161705828893e-18   5.7658120862874656e-18   4.6531816147364496e-18   7.3160109662404613e-18
   9.2319969225858282e-18   7.7662504420395392e-18   6.5754509257329730e-18   1.0786140450091757e-17
   1.2225572718093202e-17   1.0455986115718984e-17   9.2844977725764712e-18   1.5842248353216028e-17
   1.6182182088621232e-17   1.4072878404097724e-17   1.3100722893546786e-17   2.3184586168253843e-17
   2.1413338730883773e-17   1.8937210927254191e-17   1.8474995076037814e-17   3.3812911489931447e-17
   2.8332113401671378e-17   2.5480454537927653e-17   2.6042109258890712e-17   4.9150613783541806e-17
   3.7486540515105174e-17   3.4284189217336136e-17   3.6696452524515247e-17   7.1218278377725695e-17
   4.9604161189956183e-17   4.6132842139670467e-17   5.1699308946608471e-17   1.0287503599611121e-16
   6.5651488335267850e-17   6.2085252740791946e-17   7.2831359404444979e-17   1.4815177426686704e-16
   8.6913502337953822e-17   8.3571949405938251e-17   1.0260992498995190e-16   2.1270686892816641e-16
   1.1510008878658764e-16   1.1252762568217362e-16   1.4459923651183596e-16   3.0444174178182597e-16
   1.5248879480174427e-16   1.5157193508774854e-16   2.0385477999905179e-16   4.3431843203766180e-16
   2.0211666352745625e-16   2.0425681007329989e-16   2.8756147744043017e-16   6.1742083986893256e-16
   2.6803856718967299e-16   2.7540566829129465e-16   4.0595292108110615e-16   8.7428895925216414e-16
   3.5567590771647338e-16   3.7157999040833656e-16   5.7363918596778337e-16   1.2325211882463710e-15
   4.7228851643849240e-16   5.0172313916973585e-16   8.1152978935382040e-16   1.7285700055205667e-15
   6.2761510131370025e-16   6.7805184755451956e-16   1.1496243907645868e-15   2.4095365609573592e-15
   8.3474516145813650e-16   9.1729535126563245e-16   1.6310678252864022e-15   3.3345938885646334e-15
   1.1113100910039694e-15   1.2424248607402431e-15   2.3180413623036117e-15   4.5754565815255854e-15
   1.4811164065812752e-15   1.6850782109102194e-15   3.3003015048063908e-15   6.2151389280533386e-15
   1.9763943304724778e-15   2.2889754856253261e-15   4.7074844915064511e-15   8.3442464633469314e-15
   2.6409072685075792e-15   3.1147553723906321e-15   6.7266394211450703e-15   1.1054416856486298e-14
   3.5342723627205621e-15   4.2468604660385153e-15   9.6267195953757585e-15   1.4429389190808541e-14
   4.7379947748208712e-15   5.8033953765039346e-15   1.3791635848261339e-14   1.8535402347181354e-14
   6.3639420918842316e-15   7.9503238999790813e-15   1.9762238391053033e-14   2.3413674568315578e-14
   8.5663158453194617e-15   1.0922035569352516e-14   2.8283819407415609e-14   2.9077833689712278e-14
   1.1558668978070642e-14   1.5051309221571430e-14   4.0347076770800575e-14   3.5517894739902863e-14
   1.5638254492579620e-14   2.0813193802297199e-14   5.7194373304954689e-14   4.2710118520337083e-14
   2.1221099123181729e-14   2.8889537449794414e-14   8.0240313892416438e-14   5.0630008657492327e-14
   2.8892871471667891e-14   4.0264098502308410e-14   1.1083925119951702e-13   5.9264941931259341e-14
   3.9483150205032838e-14   5.6362607694611790e-14   1.4985902945992585e-13   6.8623712605711475e-14
   5.4174525799297980e-14   7.9257738555197968e-14   1.9713920666945002e-13   7.8741902650240486e-14
   7.4663689108664964e-14   1.1196445576653827e-13   2.5110864527854546e-13   8.9683500335511899e-14
   1.0340001320889260e-13   1.5885218699442314e-13   3.0893133223717714e-13   1.0154001156195094e-13
   1.4393876253650576e-13   2.2618424819539385e-13   3.6729856502660202e-13   1.1442842238489124e-13
   2.0146063018359417e-13   3.2273223657944992e-13   4.2348686045506524e-13   1.2848906429698910e-13
   2.8352292916766516e-13   4.6024414696159490e-13   4.7607272289822097e-13   1.4388401059456076e-13
   4.0110630313685183e-13   6.5318382604457860e-13   5.2500909123827383e-13   1.6079627584425255e-13
   5.6996413820431248e-13   9.1659026748535837e-13   5.7124002647728855e-13   1.7942986058499004e-13
   8.1207265966060169e-13   1.2605330227567262e-12   6.1620487140461910e-13   2.0001056746927493e-13
   1.1564228780349894e-12   1.6808463847249365e-12   6.6146207718572518e-13   2.2278747634808173e-13
   1.6372291321345436e-12   2.1503375460431041e-12   7.0848669363818466e-13   2.4803496953842777e-13
   2.2859456769347285e-12   2.6200962206854958e-12   7.5860066088278688e-13   2.7605522048110000e-13
   3.1131353821663563e-12   3.0369050828695756e-12   8.1297755138376889e-13   3.0718108535589750e-13
   4.0824737900224411e-12   3.3665997970683811e-12   8.7267878441356132e-13   3.4177936142422533e-13
   5.0955997244756184e-12   3.6046197519722331e-12   9.3869748836222309e-13   3.8025439562777106e-13
   6.0165054727452183e-12   3.7687544265874252e-12   1.0119994997589724e-12   4.2305204212577848e-13
   6.7341204380376058e-12   3.8851220567481506e-12   1.0935582139011311e-12   4.7066397870378249e-13
   7.2122320801329613e-12   3.9780318122716154e-12   1.1843832622120104e-12   5.2363240024871483e-13
   7.4858818160950031e-12   4.0660513483500408e-12   1.2855441554468544e-12   5.8255511360461570e-13
   7.6227134150013884e-12   4.1619713788163535e-12   1.3981902444951557e-12   6.4809106277948640e-13
   7.6886518396895154e-12   4.2741891878073730e-12   1.5235682013575390e-12   7.2096631717523421e-13
   7.7331532099807886e-12   4.4081980126990418e-12   1.6630379795243027e-12   8.0198055862129054e-13
   7.7883802529584003e-12   4.5677465889769716e-12   1.8180879811391015e-12   8.9201410575794679e-13
   7.8735420164055284e-12   4.7556312786817203e-12   1.9903499703364747e-12   9.9203551690613537e-13
   7.9995722044529476e-12   4.9742036851357914e-12   2.1816141306524256e-12   1.1031098150875266e-12
   8.1726298609205261e-12   5.2256861214451003e-12   2.3938445621094371e-12   1.2264073813944892e-12
   8.3963642193966192e-12   5.5123659254099871e-12   2.6291954413048688e-12   1.3632135655002340e-12
   8.6732753863251355e-12   5.8367164252513932e-12   2.8900280174675064e-12   1.5149390647742679e-12
   9.0054981798429742e-12   6.2014748006120646e-12   3.1789285826292916e-12   1.6831311262451491e-12
   9.3952423751752625e-12   6.6096953667141178e-12   3.4987275301011600e-12   1.8694856285423996e-12
   9.8450364752153547e-12   7.0647894399049981e-12   3.8525195989914669e-12   2.0758601039584535e-12
   1.0357862525705869e-11   7.5705584451709409e-12   4.2436853912200693e-12   2.3042877639036241e-12
   1.0937232442381883e-11   8.1312242243456793e-12   4.6759142397292340e-12   2.5569925942828252e-12
   1.1587234424287185e-11   8.7514588940002790e-12   5.1532285012571576e-12   2.8364055907044495e-12
   1.2312565425606271e-11   9.4364156471004450e-12   5.6800093433476226e-12   3.1451822069373604e-12
   1.3118558507388434e-11   1.0191761327585441e-11   6.2610240926960350e-12   3.4862210936623444e-12
   1.4011209868265179e-11   1.1023711273565272e-11   6.9014552101126958e-12   3.8626842083173878e-12
   1.4997208107158409e-11   1.1939066728532163e-11   7.6069309560791417e-12   4.2780183807120855e-12
   1.6083967027480213e-11   1.2945255004751426e-11   8.3835578099120599e-12   4.7359784230820223e-12
   1.7279662612650454e-11   1.4050372515494328e-11   9.2379547048227527e-12   5.2406518773696222e-12
   1.8593274438783107e-11   1.5263230753115689e-11   1.0177289140596888e-11   5.7964854967505291e-12
   2.0034631601915559e-11   1.6593405266316755e-11   1.1209315235170921e-11   6.4083135627719686e-12
   2.1614463144981107e-11   1.8051287675202539e-11   1.2342413776025954e-11   7.0813881439312946e-12
   2.3344452929157728e-11   1.9648140752739479e-11   1.3585634332034406e-11   7.8214114060935931e-12
   2.5237298880138757e-11   2.1396156593465554e-11   1.4948739486186342e-11   8.6345700898277675e-12
   2.7306776538242451e-11   2.3308517883376257e-11   1.6442251249479764e-11   9.5275722745232855e-12
   2.9567806844397997e-11   2.5399462277984330e-11   1.8077499716196033e-11   1.0507686554036202e-11
   3.2036528097790325e-11   2.7684349888234282e-11   1.9866674020803503e-11   1.1582783753596655e-11
   3.4730372023224240e-11   3.0179733866034799e-11   2.1822875656845236e-11   1.2761381322786012e-11
   3.7668143886120790e-11   3.2903434072648878e-11   2.3960174218383221e-11   1.4052690544558866e-11
   4.0870106590164752e-11   3.5874613804075702e-11   2.6293665624901335e-11   1.5466666705535729e-11
   4.4358068687012814e-11   3.9113859538012797e-11   2.8839532891016236e-11   1.7014062378122550e-11
   4.8155476219361317e-11   4.2643263657134881e-11   3.1615109502922553e-11   1.8706483970418443e-11
   5.2287508308354505e-11   4.6486510093440081e-11   3.4638945464205832e-11   2.0556451705342816e-11
   5.6781176384175140e-11   5.0668962828511255e-11   3.7930876074506135e-11   2.2577463195952809e-11
   6.1665426945037282e-11   5.5217757174875806e-11   4.1512093505493071e-11   2.4784060789504030e-11
   6.6971247715139663e-11   6.0161893754468350e-11   4.5405221239746929e-11   2.7191902858454377e-11
   7.2731777056753445e-11   6.5532335081687151e-11   4.9634391439389083e-11   2.9817839222279470e-11
   7.8982416475990919e-11   7.1362104650890885e-11   5.4225325312714298e-11   3.2679990889689111e-11
